0.90 0.28 0.70 0.34 0.71 0.40 0.29 0.66 0.04 0.84 0.50 0.41 0.56 0.10 0.18 0.71 0.16 0.06 0.91 0.67 0.41 0.43 0.96 0.21 0.45 0.12 0.30 0.47 0.31 0.04 0.21 0.36
0.37 0.75 0.11 0.32 0.01 0.43 0.94 0.97 0.66 0.71 0.95 0.23 0.55 0.77 0.09 0.76 0.60 0.19 0.82 0.42 0.91 0.76 0.69 0.11 0.39 0.69 0.44 0.94 0.85 0.61 0.31 0.39
0.48 0.72 0.96 0.57 0.64 1.00 0.49 0.12 0.14 0.92 0.55 0.93 0.49 0.09 0.15 0.45 0.45 0.36 0.66 0.27 0.46 0.18 0.87 0.51 0.54 0.85 0.76 0.74 0.05 0.66 0.01 0.60
0.40 0.11 0.61 0.62 0.68 0.86 0.34 0.07 0.29 0.27 0.93 0.56 0.21 0.75 0.81 0.85 0.43 0.88 0.70 0.30 0.44 0.62 0.92 0.45 0.48 0.74 0.50 0.77 0.14 0.20 0.97 0.56
0.83 0.11 0.16 0.90 0.88 0.08 0.23 0.19 0.89 0.79 0.43 0.04 0.99 0.29 0.60 0.06 0.56 0.55 0.00 0.97 0.18 0.95 0.20 0.24 0.09 0.88 0.42 0.64 0.15 0.49 0.74 0.41
0.01 0.13 0.08 0.37 0.78 0.84 0.68 0.26 0.51 0.62 0.23 0.98 0.48 0.85 0.68 0.85 0.45 0.26 0.77 0.02 0.85 0.25 0.95 0.78 0.48 0.01 0.91 0.43 0.84 0.47 0.77 0.08
0.56 0.22 0.73 0.41 0.88 0.52 0.93 0.46 0.78 0.96 0.70 0.89 0.41 0.57 0.65 0.53 0.15 0.65 0.90 0.01 0.57 0.95 0.61 0.01 0.32 0.18 0.69 0.91 0.99 0.26 0.03 0.70
0.19 0.99 0.53 0.17 0.55 0.13 0.61 0.64 0.33 0.00 0.80 0.38 0.17 0.20 0.24 0.02 0.54 0.24 0.52 0.90 0.67 0.60 0.71 0.89 0.53 0.41 0.44 0.25 0.98 0.75 0.50 0.13
0.98 0.74 0.15 0.67 0.27 0.76 0.47 0.12 0.52 0.10 0.64 0.30 0.13 0.52 0.68 0.56 0.75 0.23 0.26 0.26 0.18 0.39 0.47 0.21 0.75 0.67 0.88 0.57 0.66 0.17 0.82 0.85
0.38 0.66 0.78 0.06 0.83 0.12 0.19 0.79 0.78 0.77 0.58 0.84 0.95 0.42 0.03 0.23 0.11 0.38 0.48 0.78 0.57 0.99 0.18 0.16 0.14 0.36 0.47 0.31 0.03 0.73 0.50 0.38
0.55 0.36 0.36 0.07 0.77 0.11 0.88 0.54 0.62 0.75 0.42 0.56 0.76 0.19 0.74 0.62 0.51 0.88 0.80 0.11 0.18 0.20 0.41 0.97 0.83 0.10 0.16 0.05 0.73 0.06 0.58 0.99
0.95 0.07 0.01 0.89 0.24 0.31 0.15 0.91 0.19 0.59 0.18 0.35 0.19 0.14 0.31 0.33 0.86 0.74 0.35 0.73 0.21 0.74 0.34 0.55 0.77 0.07 0.27 0.23 0.18 0.94 0.99 0.71
0.46 0.81 0.27 0.33 0.53 0.55 0.82 0.75 0.75 0.34 0.27 0.88 0.90 0.63 0.62 0.63 0.97 0.08 0.86 0.65 0.38 0.28 0.16 0.50 0.74 0.02 0.71 0.22 0.63 0.05 0.16 0.68
0.24 0.30 0.31 0.95 0.34 0.67 0.69 0.90 0.92 0.60 0.16 0.97 0.12 0.60 1.00 0.38 0.49 0.13 0.28 0.83 0.92 0.10 0.47 0.44 0.71 0.04 0.70 0.90 0.02 0.18 0.47 0.52
0.62 0.88 0.69 0.17 0.63 0.35 0.14 0.64 0.08 0.15 0.72 0.35 0.87 0.89 0.10 0.80 0.08 0.41 0.99 0.07 0.37 0.84 0.15 0.19 0.44 0.25 0.93 0.37 0.88 0.41 0.99 0.25
0.52 0.89 0.55 0.38 1.00 0.79 0.74 0.47 0.68 0.18 0.05 0.10 0.94 0.98 0.70 0.62 0.84 0.69 0.88 0.80 0.62 0.33 0.61 0.36 0.35 0.05 0.05 0.44 0.55 0.91 0.91 0.82
0.14 0.74 0.41 0.07 0.89 0.35 0.35 0.91 0.88 0.69 0.94 0.86 0.00 0.14 0.38 0.59 0.67 0.13 0.23 0.52 0.69 0.53 0.70 0.78 0.28 0.84 0.56 0.69 0.85 0.87 0.94 0.20
0.73 0.94 0.92 0.01 0.60 0.50 0.74 0.89 0.79 0.08 0.35 0.69 0.76 0.72 0.30 0.24 0.79 0.05 0.00 0.70 0.77 0.27 0.35 0.48 0.68 0.76 0.68 0.76 0.39 0.01 0.05 0.79
0.16 0.19 0.61 0.71 0.71 0.49 0.91 0.82 0.01 0.81 0.39 0.29 0.98 0.04 0.98 0.17 0.49 0.72 0.45 0.13 0.34 0.56 0.81 0.82 0.07 0.05 0.55 0.72 0.98 0.96 0.79 0.56
0.57 0.75 0.09 0.27 0.71 0.54 0.08 0.70 0.15 0.99 0.23 0.17 0.22 0.96 0.80 0.71 0.62 0.04 0.03 0.68 0.92 0.14 0.55 0.56 0.35 0.49 0.18 0.87 0.82 0.83 0.26 0.39
0.58 0.21 0.02 0.64 0.53 0.42 0.04 0.81 0.89 0.49 0.30 0.74 0.76 0.79 0.00 0.34 0.63 0.81 0.73 0.92 0.10 0.48 0.52 0.14 0.84 0.31 0.22 0.29 0.77 0.20 0.02 0.11
0.00 0.48 0.83 0.71 0.56 0.30 0.21 0.76 0.38 0.09 0.02 0.22 0.91 0.17 0.76 0.13 0.38 0.17 0.89 0.20 0.35 0.49 0.93 0.55 0.91 0.94 0.70 0.14 0.67 0.52 0.14 0.01
0.85 0.91 0.33 0.82 0.48 0.42 0.65 0.72 0.84 0.03 0.96 0.46 0.27 0.10 0.87 0.73 0.77 0.21 0.47 0.77 0.39 0.45 0.33 0.99 0.80 0.58 0.67 0.62 0.08 0.63 0.09 0.62
0.65 0.01 0.90 0.27 0.51 0.05 0.76 0.29 0.80 0.27 0.41 0.17 0.82 0.91 0.33 0.99 0.47 1.00 0.99 0.18 0.10 0.04 0.78 0.09 0.88 0.70 0.11 0.81 0.38 0.94 0.85 0.08
0.53 0.07 0.84 0.00 0.24 0.22 0.75 0.47 0.40 0.29 0.65 0.61 0.08 0.78 0.82 0.14 0.00 0.29 0.78 0.28 0.65 0.30 0.62 0.82 0.60 0.28 0.16 0.92 0.80 0.08 0.91 0.30
0.81 0.34 0.25 0.04 0.54 0.15 0.01 0.36 0.28 0.91 0.16 0.66 0.33 0.32 0.28 0.83 0.23 0.07 0.47 0.87 0.86 0.53 0.73 0.86 0.20 0.95 0.62 0.55 0.72 0.43 0.65 0.59
0.92 0.73 0.60 0.11 0.67 0.13 0.11 0.29 0.77 0.20 0.18 0.58 0.93 0.04 0.80 0.23 0.47 0.34 0.65 0.01 0.02 0.54 0.99 0.37 0.85 0.60 0.76 0.84 0.97 0.35 0.24 0.27
0.34 0.02 0.53 0.90 0.35 0.41 0.87 0.25 0.18 0.51 0.49 0.24 0.61 0.57 0.46 0.63 0.85 0.27 0.66 0.26 0.54 0.10 0.31 0.37 0.61 0.63 0.11 0.34 0.68 0.30 0.46 0.62
0.32 0.56 0.38 0.50 0.31 0.39 0.94 0.25 0.68 0.68 0.10 0.59 0.75 0.48 0.52 0.44 0.74 0.71 0.68 0.61 0.03 0.28 0.07 0.72 0.83 0.91 0.84 0.66 0.34 0.87 0.47 0.55
0.37 0.82 0.15 0.16 0.23 0.88 0.69 0.47 1.00 0.86 0.73 0.77 0.18 0.56 0.32 0.92 0.13 0.11 0.03 0.60 0.17 0.02 0.86 0.30 0.81 0.84 0.16 0.57 0.43 0.01 0.38 0.47
0.02 0.35 0.32 0.40 0.09 0.86 0.91 0.02 0.11 0.34 0.47 0.45 0.19 0.43 0.09 0.40 0.65 0.76 0.31 0.06 0.06 0.75 0.15 0.73 0.78 0.88 0.76 0.85 0.93 0.63 0.63 0.19
0.97 0.49 0.17 0.43 0.77 0.42 0.04 0.55 0.91 0.30 0.39 0.84 0.78 0.90 0.15 0.76 0.40 0.72 0.84 0.09 0.24 0.96 0.54 0.62 0.55 0.38 0.80 0.49 0.35 0.51 0.55 0.88