0.00 4.63 4.63 4.63 4.62 4.60 4.56 4.51 4.45 4.39 4.32 4.27 4.21 4.16 4.11 4.07 4.02 3.99 3.95 3.92 3.89 3.86 3.84 3.81 3.79 3.78 3.76 3.74 3.73 3.72 3.71 3.70 3.69 3.68 3.67 3.67 3.66 3.66 3.65 3.65 3.64 3.64 3.64 3.63 3.63 3.63 3.63 3.63 3.62 3.62 3.62 3.62 3.62 3.62 3.62 3.62 3.62 3.62 3.62 3.62 3.62 3.62 3.62 0.00
4.63 4.63 4.63 4.63 4.62 4.60 4.56 4.51 4.45 4.39 4.32 4.27 4.21 4.16 4.11 4.07 4.02 3.99 3.95 3.92 3.89 3.86 3.84 3.81 3.79 3.78 3.76 3.74 3.73 3.72 3.71 3.70 3.69 3.68 3.67 3.67 3.66 3.66 3.65 3.65 3.64 3.64 3.64 3.63 3.63 3.63 3.63 3.63 3.62 3.62 3.62 3.62 3.62 3.62 3.62 3.62 3.62 3.62 3.62 3.62 3.62 3.62 3.62 3.62
4.63 4.63 4.64 4.64 4.64 4.62 4.57 4.52 4.45 4.39 4.32 4.26 4.21 4.16 4.11 4.06 4.02 3.98 3.95 3.92 3.89 3.86 3.83 3.81 3.79 3.77 3.76 3.74 3.73 3.72 3.71 3.70 3.69 3.68 3.67 3.67 3.66 3.66 3.65 3.65 3.64 3.64 3.64 3.63 3.63 3.63 3.63 3.63 3.62 3.62 3.62 3.62 3.62 3.62 3.62 3.62 3.62 3.62 3.62 3.62 3.62 3.62 3.62 3.62
4.63 4.63 4.64 4.65 4.66 4.66 4.60 4.53 4.45 4.38 4.32 4.26 4.20 4.15 4.10 4.06 4.01 3.98 3.94 3.91 3.88 3.85 3.83 3.81 3.79 3.77 3.75 3.74 3.73 3.71 3.70 3.69 3.69 3.68 3.67 3.66 3.66 3.65 3.65 3.65 3.64 3.64 3.64 3.63 3.63 3.63 3.63 3.63 3.62 3.62 3.62 3.62 3.62 3.62 3.62 3.62 3.62 3.62 3.62 3.62 3.62 3.62 3.62 3.62
4.62 4.62 4.64 4.66 4.71 4.75 4.65 4.54 4.45 4.37 4.31 4.24 4.19 4.14 4.09 4.05 4.00 3.97 3.93 3.90 3.87 3.85 3.82 3.80 3.78 3.76 3.75 3.73 3.72 3.71 3.70 3.69 3.68 3.68 3.67 3.66 3.66 3.65 3.65 3.64 3.64 3.64 3.64 3.63 3.63 3.63 3.63 3.63 3.62 3.62 3.62 3.62 3.62 3.62 3.62 3.62 3.62 3.62 3.62 3.62 3.62 3.62 3.62 3.62
4.60 4.60 4.62 4.66 4.75 5.00 4.70 4.54 4.44 4.36 4.29 4.23 4.17 4.12 4.07 4.03 3.99 3.96 3.92 3.89 3.86 3.84 3.81 3.79 3.77 3.76 3.74 3.73 3.72 3.71 3.70 3.69 3.68 3.67 3.67 3.66 3.66 3.65 3.65 3.64 3.64 3.64 3.63 3.63 3.63 3.63 3.63 3.62 3.62 3.62 3.62 3.62 3.62 3.62 3.62 3.62 3.62 3.62 3.62 3.62 3.62 3.61 3.61 3.61
4.56 4.56 4.57 4.60 4.65 4.70 4.59 4.49 4.40 4.33 4.26 4.20 4.15 4.10 4.06 4.01 3.98 3.94 3.91 3.88 3.85 3.83 3.80 3.78 3.76 3.75 3.73 3.72 3.71 3.70 3.69 3.68 3.67 3.67 3.66 3.66 3.65 3.65 3.64 3.64 3.64 3.64 3.63 3.63 3.63 3.63 3.63 3.62 3.62 3.62 3.62 3.62 3.62 3.62 3.62 3.62 3.62 3.62 3.62 3.61 3.61 3.61 3.61 3.61
4.51 4.51 4.52 4.53 4.54 4.54 4.49 4.42 4.35 4.29 4.23 4.18 4.13 4.08 4.04 3.99 3.96 3.92 3.89 3.86 3.84 3.81 3.79 3.77 3.75 3.74 3.72 3.71 3.70 3.69 3.68 3.68 3.67 3.66 3.66 3.65 3.65 3.65 3.64 3.64 3.64 3.63 3.63 3.63 3.63 3.63 3.62 3.62 3.62 3.62 3.62 3.62 3.62 3.62 3.62 3.62 3.62 3.62 3.61 3.61 3.61 3.61 3.61 3.61
4.45 4.45 4.45 4.45 4.45 4.44 4.40 4.35 4.30 4.24 4.19 4.14 4.10 4.05 4.01 3.97 3.94 3.90 3.87 3.84 3.82 3.79 3.77 3.76 3.74 3.73 3.71 3.70 3.69 3.68 3.68 3.67 3.66 3.66 3.65 3.65 3.65 3.64 3.64 3.64 3.63 3.63 3.63 3.63 3.63 3.62 3.62 3.62 3.62 3.62 3.62 3.62 3.62 3.62 3.62 3.62 3.61 3.61 3.61 3.61 3.61 3.61 3.61 3.61
4.39 4.39 4.39 4.38 4.37 4.36 4.33 4.29 4.24 4.20 4.15 4.11 4.06 4.02 3.98 3.95 3.91 3.88 3.85 3.82 3.80 3.78 3.76 3.74 3.72 3.71 3.70 3.69 3.68 3.67 3.67 3.66 3.66 3.65 3.65 3.64 3.64 3.64 3.64 3.63 3.63 3.63 3.63 3.63 3.62 3.62 3.62 3.62 3.62 3.62 3.62 3.62 3.62 3.62 3.62 3.61 3.61 3.61 3.61 3.61 3.61 3.61 3.61 3.61
4.32 4.32 4.32 4.32 4.31 4.29 4.26 4.23 4.19 4.15 4.11 4.07 4.03 3.99 3.95 3.92 3.89 3.85 3.82 3.80 3.77 3.75 3.74 3.72 3.71 3.70 3.69 3.68 3.67 3.66 3.66 3.65 3.65 3.65 3.64 3.64 3.64 3.63 3.63 3.63 3.63 3.63 3.63 3.62 3.62 3.62 3.62 3.62 3.62 3.62 3.62 3.62 3.62 3.61 3.61 3.61 3.61 3.61 3.61 3.61 3.61 3.61 3.61 3.61
4.27 4.27 4.26 4.26 4.24 4.23 4.20 4.18 4.14 4.11 4.07 4.03 4.00 3.96 3.92 3.89 3.86 3.83 3.80 3.77 3.75 3.73 3.71 3.70 3.69 3.68 3.67 3.66 3.66 3.65 3.65 3.65 3.64 3.64 3.64 3.63 3.63 3.63 3.63 3.63 3.63 3.62 3.62 3.62 3.62 3.62 3.62 3.62 3.62 3.62 3.62 3.62 3.61 3.61 3.61 3.61 3.61 3.61 3.61 3.61 3.61 3.61 3.61 3.61
4.21 4.21 4.21 4.20 4.19 4.17 4.15 4.13 4.10 4.06 4.03 4.00 3.96 3.93 3.89 3.86 3.83 3.79 3.77 3.74 3.72 3.70 3.69 3.68 3.67 3.66 3.65 3.65 3.64 3.64 3.64 3.64 3.63 3.63 3.63 3.63 3.63 3.63 3.63 3.62 3.62 3.62 3.62 3.62 3.62 3.62 3.62 3.62 3.62 3.62 3.61 3.61 3.61 3.61 3.61 3.61 3.61 3.61 3.61 3.61 3.61 3.61 3.61 3.61
4.16 4.16 4.16 4.15 4.14 4.12 4.10 4.08 4.05 4.02 3.99 3.96 3.93 3.89 3.86 3.82 3.79 3.76 3.73 3.71 3.69 3.67 3.66 3.65 3.64 3.64 3.64 3.63 3.63 3.63 3.63 3.63 3.63 3.63 3.62 3.62 3.62 3.62 3.62 3.62 3.62 3.62 3.62 3.62 3.62 3.62 3.62 3.61 3.61 3.61 3.61 3.61 3.61 3.61 3.61 3.61 3.61 3.61 3.61 3.61 3.61 3.61 3.61 3.61
4.11 4.11 4.11 4.10 4.09 4.07 4.06 4.04 4.01 3.98 3.95 3.92 3.89 3.86 3.82 3.79 3.76 3.73 3.70 3.67 3.65 3.64 3.63 3.62 3.62 3.62 3.62 3.62 3.62 3.62 3.62 3.62 3.62 3.62 3.62 3.62 3.62 3.62 3.62 3.62 3.62 3.62 3.62 3.62 3.61 3.61 3.61 3.61 3.61 3.61 3.61 3.61 3.61 3.61 3.61 3.61 3.61 3.61 3.61 3.61 3.61 3.61 3.61 3.61
4.07 4.07 4.06 4.06 4.05 4.03 4.01 3.99 3.97 3.95 3.92 3.89 3.86 3.82 3.79 3.76 3.72 3.69 3.66 3.63 3.61 3.60 3.59 3.59 3.59 3.59 3.60 3.60 3.60 3.61 3.61 3.61 3.61 3.61 3.61 3.61 3.61 3.61 3.61 3.61 3.61 3.61 3.61 3.61 3.61 3.61 3.61 3.61 3.61 3.61 3.61 3.61 3.61 3.61 3.61 3.61 3.61 3.61 3.61 3.61 3.61 3.61 3.61 3.61
4.02 4.02 4.02 4.01 4.00 3.99 3.98 3.96 3.94 3.91 3.89 3.86 3.83 3.79 3.76 3.72 3.68 3.65 3.61 3.58 3.56 3.55 3.55 3.56 3.56 3.57 3.58 3.58 3.59 3.59 3.60 3.60 3.60 3.60 3.61 3.61 3.61 3.61 3.61 3.61 3.61 3.61 3.61 3.61 3.61 3.61 3.61 3.61 3.61 3.61 3.61 3.61 3.61 3.61 3.61 3.61 3.61 3.61 3.61 3.61 3.61 3.61 3.61 3.61
3.99 3.99 3.98 3.98 3.97 3.96 3.94 3.92 3.90 3.88 3.85 3.83 3.79 3.76 3.73 3.69 3.65 3.60 3.56 3.52 3.50 3.50 3.51 3.52 3.53 3.55 3.56 3.57 3.58 3.58 3.59 3.59 3.60 3.60 3.60 3.60 3.60 3.61 3.61 3.61 3.61 3.61 3.61 3.61 3.61 3.61 3.61 3.61 3.61 3.61 3.61 3.61 3.61 3.61 3.61 3.61 3.61 3.61 3.61 3.61 3.61 3.61 3.61 3.61
3.95 3.95 3.95 3.94 3.93 3.92 3.91 3.89 3.87 3.85 3.82 3.80 3.77 3.73 3.70 3.66 3.61 3.56 3.51 3.45 3.42 3.43 3.46 3.48 3.51 3.53 3.54 3.55 3.56 3.57 3.58 3.58 3.59 3.59 3.60 3.60 3.60 3.60 3.60 3.60 3.60 3.61 3.61 3.61 3.61 3.61 3.61 3.61 3.61 3.61 3.61 3.61 3.61 3.61 3.61 3.61 3.61 3.61 3.61 3.61 3.61 3.61 3.61 3.61
3.92 3.92 3.92 3.91 3.90 3.89 3.88 3.86 3.84 3.82 3.80 3.77 3.74 3.71 3.67 3.63 3.58 3.52 3.45 3.37 3.28 3.34 3.40 3.45 3.48 3.51 3.53 3.54 3.56 3.56 3.57 3.58 3.58 3.59 3.59 3.59 3.60 3.60 3.60 3.60 3.60 3.60 3.60 3.60 3.60 3.61 3.61 3.61 3.61 3.61 3.61 3.61 3.61 3.61 3.61 3.61 3.61 3.61 3.61 3.61 3.61 3.61 3.61 3.61
3.89 3.89 3.89 3.88 3.87 3.86 3.85 3.84 3.82 3.80 3.77 3.75 3.72 3.69 3.65 3.61 3.56 3.50 3.42 3.28 3.00 3.26 3.37 3.43 3.47 3.50 3.52 3.54 3.55 3.56 3.57 3.57 3.58 3.58 3.59 3.59 3.59 3.60 3.60 3.60 3.60 3.60 3.60 3.60 3.60 3.60 3.60 3.60 3.60 3.60 3.60 3.61 3.61 3.61 3.61 3.61 3.61 3.61 3.61 3.61 3.61 3.61 3.61 3.61
3.86 3.86 3.86 3.85 3.85 3.84 3.83 3.81 3.79 3.78 3.75 3.73 3.70 3.67 3.64 3.60 3.55 3.50 3.43 3.34 3.26 3.32 3.39 3.43 3.47 3.49 3.51 3.53 3.54 3.55 3.56 3.57 3.57 3.58 3.58 3.59 3.59 3.59 3.59 3.60 3.60 3.60 3.60 3.60 3.60 3.60 3.60 3.60 3.60 3.60 3.60 3.60 3.60 3.60 3.60 3.60 3.60 3.60 3.60 3.60 3.60 3.60 3.60 3.60
3.84 3.84 3.83 3.83 3.82 3.81 3.80 3.79 3.77 3.76 3.74 3.71 3.69 3.66 3.63 3.59 3.55 3.51 3.46 3.40 3.37 3.39 3.42 3.45 3.47 3.50 3.51 3.53 3.54 3.55 3.56 3.57 3.57 3.58 3.58 3.58 3.59 3.59 3.59 3.59 3.60 3.60 3.60 3.60 3.60 3.60 3.60 3.60 3.60 3.60 3.60 3.60 3.60 3.60 3.60 3.60 3.60 3.60 3.60 3.60 3.60 3.60 3.60 3.60
3.81 3.81 3.81 3.81 3.80 3.79 3.78 3.77 3.76 3.74 3.72 3.70 3.68 3.65 3.62 3.59 3.56 3.52 3.48 3.45 3.43 3.43 3.45 3.47 3.49 3.50 3.52 3.53 3.54 3.55 3.56 3.56 3.57 3.57 3.58 3.58 3.59 3.59 3.59 3.59 3.59 3.60 3.60 3.60 3.60 3.60 3.60 3.60 3.60 3.60 3.60 3.60 3.60 3.60 3.60 3.60 3.60 3.60 3.60 3.60 3.60 3.60 3.60 3.60
3.79 3.79 3.79 3.79 3.78 3.77 3.76 3.75 3.74 3.72 3.71 3.69 3.67 3.64 3.62 3.59 3.56 3.53 3.51 3.48 3.47 3.47 3.47 3.49 3.50 3.51 3.52 3.53 3.54 3.55 3.56 3.56 3.57 3.57 3.58 3.58 3.58 3.59 3.59 3.59 3.59 3.59 3.60 3.60 3.60 3.60 3.60 3.60 3.60 3.60 3.60 3.60 3.60 3.60 3.60 3.60 3.60 3.60 3.60 3.60 3.60 3.60 3.60 3.60
3.78 3.78 3.77 3.77 3.76 3.76 3.75 3.74 3.73 3.71 3.70 3.68 3.66 3.64 3.62 3.59 3.57 3.55 3.53 3.51 3.50 3.49 3.50 3.50 3.51 3.52 3.53 3.54 3.54 3.55 3.56 3.56 3.57 3.57 3.58 3.58 3.58 3.59 3.59 3.59 3.59 3.59 3.59 3.60 3.60 3.60 3.60 3.60 3.60 3.60 3.60 3.60 3.60 3.60 3.60 3.60 3.60 3.60 3.60 3.60 3.60 3.60 3.60 3.60
3.76 3.76 3.76 3.75 3.75 3.74 3.73 3.72 3.71 3.70 3.69 3.67 3.65 3.64 3.62 3.60 3.58 3.56 3.54 3.53 3.52 3.51 3.51 3.52 3.52 3.53 3.53 3.54 3.55 3.55 3.56 3.56 3.57 3.57 3.58 3.58 3.58 3.58 3.59 3.59 3.59 3.59 3.59 3.59 3.60 3.60 3.60 3.60 3.60 3.60 3.60 3.60 3.60 3.60 3.60 3.60 3.60 3.60 3.60 3.60 3.60 3.60 3.60 3.60
3.74 3.74 3.74 3.74 3.73 3.73 3.72 3.71 3.70 3.69 3.68 3.66 3.65 3.63 3.62 3.60 3.58 3.57 3.55 3.54 3.54 3.53 3.53 3.53 3.53 3.54 3.54 3.55 3.55 3.56 3.56 3.57 3.57 3.57 3.58 3.58 3.58 3.58 3.59 3.59 3.59 3.59 3.59 3.59 3.59 3.60 3.60 3.60 3.60 3.60 3.60 3.60 3.60 3.60 3.60 3.60 3.60 3.60 3.60 3.60 3.60 3.60 3.60 3.60
3.73 3.73 3.73 3.73 3.72 3.72 3.71 3.70 3.69 3.68 3.67 3.66 3.64 3.63 3.62 3.60 3.59 3.58 3.56 3.56 3.55 3.54 3.54 3.54 3.54 3.54 3.55 3.55 3.56 3.56 3.56 3.57 3.57 3.57 3.58 3.58 3.58 3.58 3.59 3.59 3.59 3.59 3.59 3.59 3.59 3.59 3.60 3.60 3.60 3.60 3.60 3.60 3.60 3.60 3.60 3.60 3.60 3.60 3.60 3.60 3.60 3.60 3.60 3.60
3.72 3.72 3.72 3.71 3.71 3.71 3.70 3.69 3.68 3.67 3.66 3.65 3.64 3.63 3.62 3.61 3.59 3.58 3.57 3.56 3.56 3.55 3.55 3.55 3.55 3.55 3.55 3.56 3.56 3.56 3.57 3.57 3.57 3.57 3.58 3.58 3.58 3.58 3.59 3.59 3.59 3.59 3.59 3.59 3.59 3.59 3.59 3.60 3.60 3.60 3.60 3.60 3.60 3.60 3.60 3.60 3.60 3.60 3.60 3.60 3.60 3.60 3.60 3.60
3.71 3.71 3.71 3.70 3.70 3.70 3.69 3.68 3.68 3.67 3.66 3.65 3.64 3.63 3.62 3.61 3.60 3.59 3.58 3.57 3.57 3.56 3.56 3.56 3.56 3.56 3.56 3.56 3.56 3.57 3.57 3.57 3.57 3.58 3.58 3.58 3.58 3.58 3.59 3.59 3.59 3.59 3.59 3.59 3.59 3.59 3.59 3.59 3.60 3.60 3.60 3.60 3.60 3.60 3.60 3.60 3.60 3.60 3.60 3.60 3.60 3.60 3.60 3.60
3.70 3.70 3.70 3.69 3.69 3.69 3.68 3.68 3.67 3.66 3.65 3.65 3.64 3.63 3.62 3.61 3.60 3.59 3.58 3.58 3.57 3.57 3.57 3.56 3.56 3.56 3.56 3.57 3.57 3.57 3.57 3.57 3.58 3.58 3.58 3.58 3.58 3.58 3.59 3.59 3.59 3.59 3.59 3.59 3.59 3.59 3.59 3.59 3.59 3.60 3.60 3.60 3.60 3.60 3.60 3.60 3.60 3.60 3.60 3.60 3.60 3.60 3.60 3.60
3.69 3.69 3.69 3.69 3.68 3.68 3.67 3.67 3.66 3.66 3.65 3.64 3.63 3.63 3.62 3.61 3.60 3.60 3.59 3.58 3.58 3.57 3.57 3.57 3.57 3.57 3.57 3.57 3.57 3.57 3.57 3.58 3.58 3.58 3.58 3.58 3.58 3.58 3.59 3.59 3.59 3.59 3.59 3.59 3.59 3.59 3.59 3.59 3.59 3.60 3.60 3.60 3.60 3.60 3.60 3.60 3.60 3.60 3.60 3.60 3.60 3.60 3.60 3.60
3.68 3.68 3.68 3.68 3.68 3.67 3.67 3.66 3.66 3.65 3.65 3.64 3.63 3.63 3.62 3.61 3.60 3.60 3.59 3.59 3.58 3.58 3.58 3.57 3.57 3.57 3.57 3.57 3.57 3.57 3.58 3.58 3.58 3.58 3.58 3.58 3.58 3.58 3.59 3.59 3.59 3.59 3.59 3.59 3.59 3.59 3.59 3.59 3.59 3.59 3.60 3.60 3.60 3.60 3.60 3.60 3.60 3.60 3.60 3.60 3.60 3.60 3.60 3.60
3.67 3.67 3.67 3.67 3.67 3.67 3.66 3.66 3.65 3.65 3.64 3.64 3.63 3.62 3.62 3.61 3.61 3.60 3.60 3.59 3.59 3.58 3.58 3.58 3.58 3.58 3.58 3.58 3.58 3.58 3.58 3.58 3.58 3.58 3.58 3.58 3.58 3.59 3.59 3.59 3.59 3.59 3.59 3.59 3.59 3.59 3.59 3.59 3.59 3.59 3.59 3.60 3.60 3.60 3.60 3.60 3.60 3.60 3.60 3.60 3.60 3.60 3.60 3.60
3.67 3.67 3.67 3.66 3.66 3.66 3.66 3.65 3.65 3.64 3.64 3.63 3.63 3.62 3.62 3.61 3.61 3.60 3.60 3.59 3.59 3.59 3.58 3.58 3.58 3.58 3.58 3.58 3.58 3.58 3.58 3.58 3.58 3.58 3.58 3.58 3.59 3.59 3.59 3.59 3.59 3.59 3.59 3.59 3.59 3.59 3.59 3.59 3.59 3.59 3.59 3.59 3.60 3.60 3.60 3.60 3.60 3.60 3.60 3.60 3.60 3.60 3.60 3.60
3.66 3.66 3.66 3.66 3.66 3.66 3.65 3.65 3.65 3.64 3.64 3.63 3.63 3.62 3.62 3.61 3.61 3.60 3.60 3.60 3.59 3.59 3.59 3.59 3.58 3.58 3.58 3.58 3.58 3.58 3.58 3.58 3.58 3.58 3.58 3.59 3.59 3.59 3.59 3.59 3.59 3.59 3.59 3.59 3.59 3.59 3.59 3.59 3.59 3.59 3.59 3.59 3.59 3.60 3.60 3.60 3.60 3.60 3.60 3.60 3.60 3.60 3.60 3.60
3.66 3.66 3.66 3.65 3.65 3.65 3.65 3.65 3.64 3.64 3.63 3.63 3.63 3.62 3.62 3.61 3.61 3.61 3.60 3.60 3.60 3.59 3.59 3.59 3.59 3.59 3.58 3.58 3.58 3.58 3.58 3.58 3.58 3.58 3.59 3.59 3.59 3.59 3.59 3.59 3.59 3.59 3.59 3.59 3.59 3.59 3.59 3.59 3.59 3.59 3.59 3.59 3.59 3.59 3.59 3.60 3.60 3.60 3.60 3.60 3.60 3.60 3.60 3.60
3.65 3.65 3.65 3.65 3.65 3.65 3.64 3.64 3.64 3.64 3.63 3.63 3.63 3.62 3.62 3.61 3.61 3.61 3.60 3.60 3.60 3.59 3.59 3.59 3.59 3.59 3.59 3.59 3.59 3.59 3.59 3.59 3.59 3.59 3.59 3.59 3.59 3.59 3.59 3.59 3.59 3.59 3.59 3.59 3.59 3.59 3.59 3.59 3.59 3.59 3.59 3.59 3.59 3.59 3.59 3.59 3.60 3.60 3.60 3.60 3.60 3.60 3.60 3.60
3.65 3.65 3.65 3.65 3.64 3.64 3.64 3.64 3.64 3.63 3.63 3.63 3.62 3.62 3.62 3.61 3.61 3.61 3.60 3.60 3.60 3.60 3.59 3.59 3.59 3.59 3.59 3.59 3.59 3.59 3.59 3.59 3.59 3.59 3.59 3.59 3.59 3.59 3.59 3.59 3.59 3.59 3.59 3.59 3.59 3.59 3.59 3.59 3.59 3.59 3.59 3.59 3.59 3.59 3.59 3.59 3.59 3.59 3.59 3.60 3.60 3.60 3.60 3.60
3.64 3.64 3.64 3.64 3.64 3.64 3.64 3.64 3.63 3.63 3.63 3.63 3.62 3.62 3.62 3.61 3.61 3.61 3.60 3.60 3.60 3.60 3.60 3.59 3.59 3.59 3.59 3.59 3.59 3.59 3.59 3.59 3.59 3.59 3.59 3.59 3.59 3.59 3.59 3.59 3.59 3.59 3.59 3.59 3.59 3.59 3.59 3.59 3.59 3.59 3.59 3.59 3.59 3.59 3.59 3.59 3.59 3.59 3.59 3.59 3.59 3.59 3.59 3.59
3.64 3.64 3.64 3.64 3.64 3.64 3.64 3.63 3.63 3.63 3.63 3.62 3.62 3.62 3.62 3.61 3.61 3.61 3.61 3.60 3.60 3.60 3.60 3.60 3.59 3.59 3.59 3.59 3.59 3.59 3.59 3.59 3.59 3.59 3.59 3.59 3.59 3.59 3.59 3.59 3.59 3.59 3.59 3.59 3.59 3.59 3.59 3.59 3.59 3.59 3.59 3.59 3.59 3.59 3.59 3.59 3.59 3.59 3.59 3.59 3.59 3.59 3.59 3.59
3.64 3.64 3.64 3.64 3.64 3.63 3.63 3.63 3.63 3.63 3.63 3.62 3.62 3.62 3.62 3.61 3.61 3.61 3.61 3.60 3.60 3.60 3.60 3.60 3.60 3.59 3.59 3.59 3.59 3.59 3.59 3.59 3.59 3.59 3.59 3.59 3.59 3.59 3.59 3.59 3.59 3.59 3.59 3.59 3.59 3.59 3.59 3.59 3.59 3.59 3.59 3.59 3.59 3.59 3.59 3.59 3.59 3.59 3.59 3.59 3.59 3.59 3.59 3.59
3.63 3.63 3.63 3.63 3.63 3.63 3.63 3.63 3.63 3.63 3.62 3.62 3.62 3.62 3.62 3.61 3.61 3.61 3.61 3.60 3.60 3.60 3.60 3.60 3.60 3.60 3.59 3.59 3.59 3.59 3.59 3.59 3.59 3.59 3.59 3.59 3.59 3.59 3.59 3.59 3.59 3.59 3.59 3.59 3.59 3.59 3.59 3.59 3.59 3.59 3.59 3.59 3.59 3.59 3.59 3.59 3.59 3.59 3.59 3.59 3.59 3.59 3.59 3.59
3.63 3.63 3.63 3.63 3.63 3.63 3.63 3.63 3.63 3.62 3.62 3.62 3.62 3.62 3.61 3.61 3.61 3.61 3.61 3.60 3.60 3.60 3.60 3.60 3.60 3.60 3.60 3.59 3.59 3.59 3.59 3.59 3.59 3.59 3.59 3.59 3.59 3.59 3.59 3.59 3.59 3.59 3.59 3.59 3.59 3.59 3.59 3.59 3.59 3.59 3.59 3.59 3.59 3.59 3.59 3.59 3.59 3.59 3.59 3.59 3.59 3.59 3.59 3.59
3.63 3.63 3.63 3.63 3.63 3.63 3.63 3.63 3.62 3.62 3.62 3.62 3.62 3.62 3.61 3.61 3.61 3.61 3.61 3.61 3.60 3.60 3.60 3.60 3.60 3.60 3.60 3.60 3.59 3.59 3.59 3.59 3.59 3.59 3.59 3.59 3.59 3.59 3.59 3.59 3.59 3.59 3.59 3.59 3.59 3.59 3.59 3.59 3.59 3.59 3.59 3.59 3.59 3.59 3.59 3.59 3.59 3.59 3.59 3.59 3.59 3.59 3.59 3.59
3.63 3.63 3.63 3.63 3.63 3.63 3.63 3.62 3.62 3.62 3.62 3.62 3.62 3.62 3.61 3.61 3.61 3.61 3.61 3.61 3.60 3.60 3.60 3.60 3.60 3.60 3.60 3.60 3.60 3.59 3.59 3.59 3.59 3.59 3.59 3.59 3.59 3.59 3.59 3.59 3.59 3.59 3.59 3.59 3.59 3.59 3.59 3.59 3.59 3.59 3.59 3.59 3.59 3.59 3.59 3.59 3.59 3.59 3.59 3.59 3.59 3.59 3.59 3.59
3.63 3.63 3.63 3.63 3.63 3.62 3.62 3.62 3.62 3.62 3.62 3.62 3.62 3.61 3.61 3.61 3.61 3.61 3.61 3.61 3.60 3.60 3.60 3.60 3.60 3.60 3.60 3.60 3.60 3.60 3.59 3.59 3.59 3.59 3.59 3.59 3.59 3.59 3.59 3.59 3.59 3.59 3.59 3.59 3.59 3.59 3.59 3.59 3.59 3.59 3.59 3.59 3.59 3.59 3.59 3.59 3.59 3.59 3.59 3.59 3.59 3.59 3.59 3.59
3.62 3.62 3.62 3.62 3.62 3.62 3.62 3.62 3.62 3.62 3.62 3.62 3.62 3.61 3.61 3.61 3.61 3.61 3.61 3.61 3.60 3.60 3.60 3.60 3.60 3.60 3.60 3.60 3.60 3.60 3.60 3.59 3.59 3.59 3.59 3.59 3.59 3.59 3.59 3.59 3.59 3.59 3.59 3.59 3.59 3.59 3.59 3.59 3.59 3.59 3.59 3.59 3.59 3.59 3.59 3.59 3.59 3.59 3.59 3.59 3.59 3.59 3.59 3.59
3.62 3.62 3.62 3.62 3.62 3.62 3.62 3.62 3.62 3.62 3.62 3.62 3.62 3.61 3.61 3.61 3.61 3.61 3.61 3.61 3.60 3.60 3.60 3.60 3.60 3.60 3.60 3.60 3.60 3.60 3.60 3.60 3.60 3.59 3.59 3.59 3.59 3.59 3.59 3.59 3.59 3.59 3.59 3.59 3.59 3.59 3.59 3.59 3.59 3.59 3.59 3.59 3.59 3.59 3.59 3.59 3.59 3.59 3.59 3.59 3.59 3.59 3.59 3.59
3.62 3.62 3.62 3.62 3.62 3.62 3.62 3.62 3.62 3.62 3.62 3.62 3.61 3.61 3.61 3.61 3.61 3.61 3.61 3.61 3.60 3.60 3.60 3.60 3.60 3.60 3.60 3.60 3.60 3.60 3.60 3.60 3.60 3.60 3.59 3.59 3.59 3.59 3.59 3.59 3.59 3.59 3.59 3.59 3.59 3.59 3.59 3.59 3.59 3.59 3.59 3.59 3.59 3.59 3.59 3.59 3.59 3.59 3.59 3.59 3.59 3.59 3.59 3.59
3.62 3.62 3.62 3.62 3.62 3.62 3.62 3.62 3.62 3.62 3.62 3.62 3.61 3.61 3.61 3.61 3.61 3.61 3.61 3.61 3.61 3.60 3.60 3.60 3.60 3.60 3.60 3.60 3.60 3.60 3.60 3.60 3.60 3.60 3.60 3.59 3.59 3.59 3.59 3.59 3.59 3.59 3.59 3.59 3.59 3.59 3.59 3.59 3.59 3.59 3.59 3.59 3.59 3.59 3.59 3.59 3.59 3.59 3.59 3.59 3.59 3.59 3.59 3.59
3.62 3.62 3.62 3.62 3.62 3.62 3.62 3.62 3.62 3.62 3.62 3.61 3.61 3.61 3.61 3.61 3.61 3.61 3.61 3.61 3.61 3.60 3.60 3.60 3.60 3.60 3.60 3.60 3.60 3.60 3.60 3.60 3.60 3.60 3.60 3.60 3.59 3.59 3.59 3.59 3.59 3.59 3.59 3.59 3.59 3.59 3.59 3.59 3.59 3.59 3.59 3.59 3.59 3.59 3.59 3.59 3.59 3.59 3.59 3.59 3.59 3.59 3.59 3.59
3.62 3.62 3.62 3.62 3.62 3.62 3.62 3.62 3.62 3.62 3.61 3.61 3.61 3.61 3.61 3.61 3.61 3.61 3.61 3.61 3.61 3.60 3.60 3.60 3.60 3.60 3.60 3.60 3.60 3.60 3.60 3.60 3.60 3.60 3.60 3.60 3.60 3.59 3.59 3.59 3.59 3.59 3.59 3.59 3.59 3.59 3.59 3.59 3.59 3.59 3.59 3.59 3.59 3.59 3.59 3.59 3.59 3.59 3.59 3.59 3.59 3.59 3.59 3.59
3.62 3.62 3.62 3.62 3.62 3.62 3.62 3.62 3.62 3.62 3.61 3.61 3.61 3.61 3.61 3.61 3.61 3.61 3.61 3.61 3.61 3.60 3.60 3.60 3.60 3.60 3.60 3.60 3.60 3.60 3.60 3.60 3.60 3.60 3.60 3.60 3.60 3.59 3.59 3.59 3.59 3.59 3.59 3.59 3.59 3.59 3.59 3.59 3.59 3.59 3.59 3.59 3.59 3.59 3.59 3.59 3.59 3.59 3.59 3.59 3.59 3.59 3.59 3.59
3.62 3.62 3.62 3.62 3.62 3.62 3.62 3.62 3.62 3.61 3.61 3.61 3.61 3.61 3.61 3.61 3.61 3.61 3.61 3.61 3.61 3.60 3.60 3.60 3.60 3.60 3.60 3.60 3.60 3.60 3.60 3.60 3.60 3.60 3.60 3.60 3.60 3.60 3.59 3.59 3.59 3.59 3.59 3.59 3.59 3.59 3.59 3.59 3.59 3.59 3.59 3.59 3.59 3.59 3.59 3.59 3.59 3.59 3.59 3.59 3.59 3.59 3.59 3.59
3.62 3.62 3.62 3.62 3.62 3.62 3.62 3.62 3.61 3.61 3.61 3.61 3.61 3.61 3.61 3.61 3.61 3.61 3.61 3.61 3.61 3.60 3.60 3.60 3.60 3.60 3.60 3.60 3.60 3.60 3.60 3.60 3.60 3.60 3.60 3.60 3.60 3.60 3.60 3.59 3.59 3.59 3.59 3.59 3.59 3.59 3.59 3.59 3.59 3.59 3.59 3.59 3.59 3.59 3.59 3.59 3.59 3.59 3.59 3.59 3.59 3.59 3.59 3.59
3.62 3.62 3.62 3.62 3.62 3.62 3.62 3.62 3.61 3.61 3.61 3.61 3.61 3.61 3.61 3.61 3.61 3.61 3.61 3.61 3.61 3.60 3.60 3.60 3.60 3.60 3.60 3.60 3.60 3.60 3.60 3.60 3.60 3.60 3.60 3.60 3.60 3.60 3.60 3.59 3.59 3.59 3.59 3.59 3.59 3.59 3.59 3.59 3.59 3.59 3.59 3.59 3.59 3.59 3.59 3.59 3.59 3.59 3.59 3.59 3.59 3.59 3.59 3.59
3.62 3.62 3.62 3.62 3.62 3.62 3.62 3.61 3.61 3.61 3.61 3.61 3.61 3.61 3.61 3.61 3.61 3.61 3.61 3.61 3.61 3.60 3.60 3.60 3.60 3.60 3.60 3.60 3.60 3.60 3.60 3.60 3.60 3.60 3.60 3.60 3.60 3.60 3.60 3.59 3.59 3.59 3.59 3.59 3.59 3.59 3.59 3.59 3.59 3.59 3.59 3.59 3.59 3.59 3.59 3.59 3.59 3.59 3.59 3.59 3.59 3.59 3.59 3.59
3.62 3.62 3.62 3.62 3.62 3.62 3.61 3.61 3.61 3.61 3.61 3.61 3.61 3.61 3.61 3.61 3.61 3.61 3.61 3.61 3.61 3.60 3.60 3.60 3.60 3.60 3.60 3.60 3.60 3.60 3.60 3.60 3.60 3.60 3.60 3.60 3.60 3.60 3.60 3.60 3.59 3.59 3.59 3.59 3.59 3.59 3.59 3.59 3.59 3.59 3.59 3.59 3.59 3.59 3.59 3.59 3.59 3.59 3.59 3.59 3.59 3.59 3.59 3.59
3.62 3.62 3.62 3.62 3.62 3.62 3.61 3.61 3.61 3.61 3.61 3.61 3.61 3.61 3.61 3.61 3.61 3.61 3.61 3.61 3.61 3.60 3.60 3.60 3.60 3.60 3.60 3.60 3.60 3.60 3.60 3.60 3.60 3.60 3.60 3.60 3.60 3.60 3.60 3.60 3.59 3.59 3.59 3.59 3.59 3.59 3.59 3.59 3.59 3.59 3.59 3.59 3.59 3.59 3.59 3.59 3.59 3.59 3.59 3.59 3.59 3.59 3.59 3.59
3.62 3.62 3.62 3.62 3.62 3.61 3.61 3.61 3.61 3.61 3.61 3.61 3.61 3.61 3.61 3.61 3.61 3.61 3.61 3.61 3.61 3.60 3.60 3.60 3.60 3.60 3.60 3.60 3.60 3.60 3.60 3.60 3.60 3.60 3.60 3.60 3.60 3.60 3.60 3.60 3.59 3.59 3.59 3.59 3.59 3.59 3.59 3.59 3.59 3.59 3.59 3.59 3.59 3.59 3.59 3.59 3.59 3.59 3.59 3.59 3.59 3.59 3.59 3.59
3.62 3.62 3.62 3.62 3.62 3.61 3.61 3.61 3.61 3.61 3.61 3.61 3.61 3.61 3.61 3.61 3.61 3.61 3.61 3.61 3.61 3.60 3.60 3.60 3.60 3.60 3.60 3.60 3.60 3.60 3.60 3.60 3.60 3.60 3.60 3.60 3.60 3.60 3.60 3.60 3.59 3.59 3.59 3.59 3.59 3.59 3.59 3.59 3.59 3.59 3.59 3.59 3.59 3.59 3.59 3.59 3.59 3.59 3.59 3.59 3.59 3.59 3.59 3.59
0.00 3.62 3.62 3.62 3.62 3.61 3.61 3.61 3.61 3.61 3.61 3.61 3.61 3.61 3.61 3.61 3.61 3.61 3.61 3.61 3.61 3.60 3.60 3.60 3.60 3.60 3.60 3.60 3.60 3.60 3.60 3.60 3.60 3.60 3.60 3.60 3.60 3.60 3.60 3.60 3.59 3.59 3.59 3.59 3.59 3.59 3.59 3.59 3.59 3.59 3.59 3.59 3.59 3.59 3.59 3.59 3.59 3.59 3.59 3.59 3.59 3.59 3.59 0.00
