---------------- Statistics ----------------
Calculated on 100 iteration
Mean: 0.0183774 (s)
Standard deviation: 7.08076e-05 (s)
--------------------------------------------

Warm up value -> not considered in the statistic: 0.0216226
Warm up value -> not considered in the statistic: 0.0184094
Warm up value -> not considered in the statistic: 0.0182799
0.0183495
0.0183728
0.0184384
0.018277
0.0184019
0.0184401
0.0183189
0.0183802
0.0185245
0.0183807
0.0184418
0.0183302
0.0183955
0.0183295
0.0183837
0.0184973
0.0184204
0.0183642
0.0185886
0.0183532
0.0183208
0.0182919
0.018446
0.018289
0.0183682
0.0185017
0.0183158
0.0184061
0.0184497
0.0183288
0.0183595
0.018294
0.018391
0.0184506
0.0182984
0.0184017
0.0182979
0.0183469
0.0183442
0.0183124
0.0183043
0.018378
0.0184853
0.0183191
0.0182769
0.0184154
0.0183619
0.0183583
0.018276
0.0185017
0.0183763
0.0183105
0.0184746
0.0183196
0.0183232
0.0184212
0.0183871
0.018364
0.0183569
0.0183979
0.0183405
0.0183135
0.018373
0.018418
0.0183828
0.0184387
0.018333
0.0183613
0.0184161
0.0184764
0.018404
0.0182683
0.0183522
0.0184872
0.0182836
0.0183055
0.0183157
0.018365
0.0183005
0.0183367
0.0183293
0.018355
0.0184357
0.0184172
0.0184123
0.0184981
0.0183265
0.0183036
0.0182794
0.0183121
0.018523
0.0184224
0.0184896
0.0182984
0.0184726
0.0183984
0.0185674
0.0184147
0.0183255
0.0184191
